;Signature: KU
;Version: 1
;line | addr | command
;   1 | 0004 | 01 02 00 00 00 00 00 00 00 00                            | push 0.000000
;   2 | 0014 | 02 01 00                                                 | pop rax ;x
;   3 | 0017 |                                                          | 
;   4 | 0017 | 01 02 00 00 00 00 00 00 00 00                            | push 0.000000
;   5 | 0027 | 02 01 01                                                 | pop rbx ;y
;   6 | 0030 |                                                          | 
;   7 | 0030 |                                                          | ; width = 100
;   8 | 0030 |                                                          | ; height = 100
;   9 | 0030 |                                                          | ; center = (49.5, 49.5)
;  10 | 0030 |                                                          | ; R = 45
;  11 | 0030 |                                                          | 
;  12 | 0030 |                                                          | for_y:
;  13 | 0030 |                                                          | 
;  14 | 0030 |                                                          | for_x:
;  15 | 0030 | 01 03 00 00 00 00 00 00 C0 48 C0                         | push rax+-49.500000
;  16 | 0041 | 01 03 00 00 00 00 00 00 C0 48 C0                         | push rax+-49.500000
;  17 | 0052 | 14 00                                                    | mul
;  18 | 0054 |                                                          | 
;  19 | 0054 | 01 03 01 00 00 00 00 00 C0 48 C0                         | push rbx+-49.500000
;  20 | 0065 | 01 03 01 00 00 00 00 00 C0 48 C0                         | push rbx+-49.500000
;  21 | 0076 | 14 00                                                    | mul
;  22 | 0078 |                                                          | 
;  23 | 0078 | 12 00                                                    | add
;  24 | 0080 |                                                          | 
;  25 | 0080 | 16 00                                                    | sqrt
;  26 | 0082 |                                                          | 
;  27 | 0082 | 01 02 00 00 00 00 00 80 46 40                            | push 45.000000
;  28 | 0092 | 04 04 8A 00 00 00 00 00 00 00                            | ja not_circle (138)
;  29 | 0102 | 01 01 01                                                 | push rbx
;  30 | 0105 | 01 02 00 00 00 00 00 00 59 40                            | push 100.000000
;  31 | 0115 | 14 00                                                    | mul
;  32 | 0117 | 01 01 00                                                 | push rax
;  33 | 0120 | 12 00                                                    | add
;  34 | 0122 | 02 01 02                                                 | pop rcx
;  35 | 0125 |                                                          | 
;  36 | 0125 | 01 02 00 00 00 00 00 E0 6F 40                            | push 255.000000
;  37 | 0135 | 02 09 02                                                 | pop [rcx]
;  38 | 0138 |                                                          | not_circle:
;  39 | 0138 |                                                          | 
;  40 | 0138 |                                                          | 
;  41 | 0138 | 01 03 00 00 00 00 00 00 00 F0 3F                         | push rax+1.000000
;  42 | 0149 | 02 01 00                                                 | pop rax
;  43 | 0152 |                                                          | 
;  44 | 0152 | 01 01 00                                                 | push rax
;  45 | 0155 | 01 02 00 00 00 00 00 00 59 40                            | push 100.000000
;  46 | 0165 | 06 04 1E 00 00 00 00 00 00 00                            | jb for_y (30)
;  47 | 0175 | 01 02 00 00 00 00 00 00 00 00                            | push 0.000000
;  48 | 0185 | 02 01 00                                                 | pop rax
;  49 | 0188 |                                                          | 
;  50 | 0188 | 01 03 01 00 00 00 00 00 00 F0 3F                         | push rbx+1.000000
;  51 | 0199 | 02 01 01                                                 | pop rbx
;  52 | 0202 |                                                          | 
;  53 | 0202 | 01 01 01                                                 | push rbx
;  54 | 0205 | 01 02 00 00 00 00 00 00 59 40                            | push 100.000000
;  55 | 0215 | 06 04 1E 00 00 00 00 00 00 00                            | jb for_y (30)
;  56 | 0225 |                                                          | 
;  57 | 0225 | 20 02 00 00 00 00 00 00 00 00                            | shw 0.000000
;  58 | 0235 | 10 00                                                    | in
;  59 | 0237 | 00 00                                                    | hlt
;  60 | 0239 |                                                          | 
;  61 | 0239 |                                                          | 
