;Signature: KU
;Version: 1
;line | addr | command
;   1 | 0004 |                                                          | ; 123
;   2 | 0004 |                                                          | 
;   3 | 0004 | 01 02 00 00 00 E0 FF FF 6F 41                            | push 16777215.000000
;   4 | 0014 | 02 0C 10 00 00 00 00 00 00 00                            | pop [16]
;   5 | 0024 |                                                          | 
;   6 | 0024 | 1F 00                                                    | dmp
;   7 | 0026 | 01 02 00 00 00 00 00 00 00 40                            | push 2.000000 ;push from address 1 to stack
;   8 | 0036 | 02 01 02                                                 | pop rcx
;   9 | 0039 | 01 03 02 00 00 00 00 00 00 F0 3F                         | push rcx+1.000000
;  10 | 0050 | 10 00                                                    | in
;  11 | 0052 |                                                          | label:
;  12 | 0052 | 1F 00                                                    | dmp
;  13 | 0054 | 16 00                                                    | sqrt ;square root
;  14 | 0056 | 1F 00                                                    | dmp
;  15 | 0058 | 11 00                                                    | out
;  16 | 0060 |                                                          | ;print
;  17 | 0060 | 11 00                                                    | out
;  18 | 0062 |                                                          | 
;  19 | 0062 |                                                          | exit:
;  20 | 0062 | 00 00                                                    | hlt
;  21 | 0064 |                                                          | 
;  22 | 0064 |                                                          | ;end
;  23 | 0064 |                                                          | 
